% André Kesselring 12551460, Vinicios de Andrade 12554290, Victor Nascimento 10773530

A = [2 10 7 6; 3 12 25 9]
A(2,1) = 18
A(3,:) = [30 21 19 1]
A(2,8)= -16

B = zeros(3);
B(:,:) = A(:,2:1:4)

